Najmniejsza liczba: 40
Ilość liczb parzystych: 103
Największa liczba parzysta: 993176
Liczby nieparzyste:
786999
809
107595
460959
706953
988027
57663
925041
869103
739
982663
585473
95907
802443
889499
708295
529635
857779
803263
896731
246947
822513
250731
347947
958039
415475
360511
964315
659327
451713
723025
358663
909663
321093
143015
999037
818509
388953
4555
863095
278891
583885
396769
776033
435657
702027
807833
925
981593
189483
902731
19041
477389
933191
967521
505531
378743
964485
346543
658737
273275
452153
407
640271
142071
573839
10107
894997
16141
604027
705811
711853
898527
461817
176771
552057
546555
122257
451097
273287
822629
385309
288025
314963
633
212455
135151
568923
448017
886409
541459
209547
139307
433641
179249
745273
216953
